3552714759.841	0.062	0.274
3552714761.100	0.065	0.278
3552714762.098	0.064	0.279
3552714763.098	0.064	0.278
3552714764.099	0.064	0.276
3552714765.098	0.063	0.277
3552714766.097	0.065	0.280
3552714767.098	0.064	0.280
3552714768.098	0.065	0.278
3552714769.099	0.065	0.278
3552714770.098	0.064	0.282
3552714771.099	0.064	0.281
3552714772.098	0.063	0.278
3552714773.100	0.063	0.276
3552714774.098	0.064	0.277
3552714775.098	0.065	0.279
3552714776.099	0.065	0.278
3552714777.098	0.064	0.280
3552714778.098	0.064	0.281
3552714779.098	0.065	0.279
3552714780.097	0.064	0.278
3552714781.099	0.065	0.276
3552714782.098	0.065	0.280
3552714783.097	0.066	0.280
3552714784.097	0.065	0.278
3552714785.099	0.065	0.280
3552714786.098	0.064	0.279
3552714787.098	0.065	0.278
3552714788.099	0.065	0.278
3552714789.099	0.064	0.278
3552714790.098	0.065	0.281
3552714791.099	0.065	0.278
3552714792.099	0.063	0.278
3552714793.097	0.065	0.281
3552714794.099	0.064	0.279
3552714795.097	0.065	0.277
3552714796.097	0.063	0.276
3552714797.097	0.065	0.278
3552714798.097	0.064	0.278
3552714799.098	0.066	0.276
3552714800.098	0.065	0.277
3552714801.098	0.065	0.277
3552714802.098	0.065	0.275
3552714803.098	0.064	0.277
3552714804.098	0.065	0.277
3552714805.099	0.064	0.277
3552714806.098	0.064	0.280
3552714807.099	0.064	0.280
3552714808.098	0.065	0.281
3552714809.099	0.063	0.278
3552714810.097	0.064	0.279
3552714811.097	0.064	0.279
3552714812.098	0.065	0.279
3552714813.097	0.065	0.278
3552714814.098	0.064	0.278
3552714815.098	0.065	0.281
3552714816.098	0.065	0.279
3552714817.097	0.065	0.276
3552714818.097	0.064	0.280
3552714819.097	0.064	0.281
3552714820.098	0.065	0.276
3552714821.099	0.064	0.278
3552714822.099	0.064	0.279
3552714823.097	0.065	0.280
3552714824.098	0.065	0.277
3552714825.098	0.065	0.279
3552714826.097	0.064	0.279
3552714827.098	0.064	0.278
3552714828.098	0.064	0.279
3552714829.099	0.063	0.279
3552714830.098	0.064	0.280
3552714831.098	0.064	0.280
3552714832.096	0.064	0.279
3552714833.099	0.064	0.279
3552714834.097	0.064	0.279
3552714835.097	0.065	0.280
3552714836.097	0.065	0.278
3552714837.098	0.064	0.276
3552714838.097	0.064	0.279
3552714839.097	0.065	0.280
3552714840.097	0.065	0.278
3552714841.099	0.066	0.279
3552714842.098	0.065	0.278
3552714843.097	0.065	0.277
3552714844.098	0.065	0.280
3552714845.098	0.065	0.280
3552714846.097	0.064	0.277
3552714847.098	0.065	0.279
3552714848.098	0.064	0.279
3552714849.097	0.065	0.281
3552714850.097	0.064	0.279
3552714851.098	0.065	0.281
3552714852.097	0.065	0.282
3552714853.097	0.064	0.279
3552714854.096	0.064	0.280
3552714855.098	0.064	0.281
3552714856.097	0.064	0.277
3552714857.098	0.064	0.281
3552714858.098	0.065	0.281
3552714859.097	0.064	0.280
3552714860.097	0.064	0.281
3552714861.099	0.064	0.280
3552714862.097	0.065	0.284
3552714863.098	0.065	0.283
3552714864.098	0.064	0.280
3552714865.098	0.065	0.277
3552714866.097	0.065	0.281
3552714867.096	0.065	0.283
3552714868.096	0.064	0.280
3552714869.097	0.064	0.280
3552714870.097	0.064	0.283
3552714871.097	0.064	0.279
3552714872.097	0.064	0.279
3552714873.098	0.064	0.281
3552714874.098	0.065	0.277
3552714875.098	0.064	0.280
3552714876.098	0.065	0.279
3552714877.099	0.064	0.276
3552714878.098	0.063	0.280
3552714879.098	0.065	0.279
3552714880.098	0.064	0.278
3552714881.098	0.064	0.276
3552714882.098	0.065	0.279
3552714883.096	0.065	0.278
3552714884.096	0.064	0.279
3552714885.096	0.065	0.277
3552714886.096	0.065	0.278
3552714887.097	0.065	0.278
3552714888.097	0.064	0.281
3552714889.097	0.065	0.278
3552714890.098	0.065	0.277
3552714891.098	0.065	0.282
3552714892.097	0.064	0.278
3552714893.098	0.065	0.277
3552714894.098	0.065	0.279
3552714895.096	0.065	0.280
3552714896.096	0.066	0.283
3552714897.097	0.069	0.286
3552714898.096	0.067	0.283
3552714899.097	0.067	0.287
3552714900.096	0.068	0.284
3552714901.096	0.068	0.282
3552714902.096	0.068	0.284
3552714903.097	0.067	0.285
3552714904.097	0.068	0.283
3552714905.096	0.068	0.284
3552714906.096	0.069	0.284
3552714907.096	0.067	0.282
3552714908.097	0.068	0.284
3552714909.097	0.067	0.283
3552714910.097	0.067	0.285
3552714911.096	0.069	0.285
3552714912.096	0.068	0.283
3552714913.096	0.068	0.284
3552714914.096	0.068	0.284
3552714915.096	0.068	0.282
3552714916.096	0.068	0.283
3552714917.096	0.068	0.285
3552714918.096	0.068	0.283
3552714919.096	0.067	0.281
3552714920.096	0.068	0.284
3552714921.096	0.067	0.284
3552714922.096	0.068	0.285
3552714923.096	0.068	0.282
3552714924.096	0.069	0.283
3552714925.098	0.067	0.286
3552714926.096	0.068	0.281
3552714927.096	0.068	0.282
3552715250.181	0.068	0.284
3552715251.429	0.065	0.281
3552715252.409	0.065	0.278
3552715253.410	0.065	0.279
3552715254.410	0.066	0.279
3552715255.409	0.066	0.280
3552715256.408	0.066	0.282
3552715257.409	0.066	0.279
3552715258.410	0.066	0.281
3552715259.409	0.064	0.280
3552715260.409	0.065	0.281
3552715261.409	0.064	0.279
3552715262.409	0.066	0.280
3552715263.410	0.065	0.282
3552715264.410	0.071	0.286
3552715265.409	0.069	0.283
3552715266.409	0.068	0.285
3552715267.409	0.068	0.285
3552715268.410	0.069	0.282
3552715269.410	0.069	0.283
3552715270.409	0.067	0.286
3552715271.409	0.068	0.282
3552715272.408	0.069	0.283
3552715273.409	0.068	0.283
3552715274.408	0.068	0.282
3552715275.409	0.068	0.282
3552715276.410	0.068	0.280
3552715277.409	0.068	0.281
3552715278.410	0.068	0.282
3552715279.424	0.068	0.277
3552715280.409	0.068	0.282
3552715281.409	0.068	0.281
3552715282.410	0.067	0.281
3552715283.411	0.068	0.281
3552715284.409	0.068	0.281
3552715375.375	0.069	0.288
3552715376.577	0.068	0.285
3552715377.574	0.069	0.287
3552715378.574	0.069	0.285
3552715379.574	0.068	0.283
3552715380.575	0.068	0.280
3552715381.574	0.066	0.280
3552715382.573	0.068	0.282
3552715383.574	0.068	0.281
3552715384.573	0.067	0.282
3552715385.574	0.067	0.284
3552715386.574	0.067	0.283
3552715387.574	0.068	0.284
3552715388.574	0.069	0.284
3552715389.574	0.068	0.282
3552715390.574	0.067	0.281
3552715391.574	0.068	0.282
3552715392.573	0.068	0.281
3552715393.572	0.067	0.278
3552715394.572	0.067	0.284
3552715395.572	0.068	0.284
3552715396.572	0.068	0.284
3552715397.574	0.069	0.283
3552715398.573	0.067	0.283
3552715399.574	0.068	0.286
3552715400.573	0.068	0.284
3552715401.574	0.068	0.282
3552715402.574	0.068	0.285
3552715403.574	0.068	0.282
3552715404.592	0.064	0.280
3552715405.574	0.065	0.279
3552715406.574	0.065	0.280
3552715407.573	0.067	0.281
3552715408.572	0.065	0.280
3552715409.572	0.065	0.279
3552715410.572	0.064	0.280
3552715411.572	0.065	0.280
3552715412.573	0.065	0.280
3552715413.572	0.066	0.282
3552715414.573	0.065	0.277
3552715415.573	0.065	0.280
3552715416.573	0.066	0.283
3552715417.573	0.065	0.279
3552715418.574	0.066	0.282
3552715419.574	0.066	0.281
3552715420.574	0.065	0.281
3552715421.573	0.065	0.281
3552715422.572	0.065	0.280
3552715423.573	0.065	0.281
3552715424.573	0.064	0.281
3552715425.573	0.065	0.280
3552715426.572	0.064	0.281
3552715427.573	0.065	0.281
3552715428.573	0.065	0.278
3552715429.573	0.064	0.278
3552715430.572	0.065	0.281
3552715431.573	0.065	0.280
3552715432.574	0.065	0.280
3552715433.573	0.065	0.279
3552715434.573	0.066	0.281
3552715435.574	0.065	0.282
3552715436.573	0.064	0.280
3552715437.573	0.065	0.279
3552715438.572	0.064	0.280
3552715439.572	0.065	0.280
3552715440.573	0.066	0.278
3552715441.572	0.066	0.281
3552715442.573	0.065	0.280
3552715443.573	0.066	0.281
3552715444.573	0.064	0.278
3552715445.572	0.065	0.278
3552715446.572	0.066	0.281
3552715447.573	0.064	0.277
3552715448.573	0.064	0.281
3552719524.403	0.224	0.844	15.873	291.536	4627.413
3552719525.642	0.225	0.851	15.874	291.536	4627.912
3552719526.637	0.224	0.857	15.875	291.536	4628.154
3552719527.638	0.224	0.862	15.875	291.536	4628.149
3552719528.637	0.225	0.862	15.875	291.536	4628.174
3552719529.638	0.226	0.862	15.876	291.536	4628.373
3552719530.637	0.225	0.868	15.876	291.536	4628.481
3552719531.637	0.225	0.861	15.876	291.536	4628.555
3552719532.637	0.224	0.857	15.876	291.536	4628.558
3552719533.638	0.226	0.861	15.877	291.536	4628.645
3552719534.637	0.226	0.852	15.877	291.536	4628.662
3552720275.133	0.034	0.236	0.001	-33.810	-0.050
3552720276.354	0.034	0.236	0.000	-32.849	-0.013
3552720277.351	0.034	0.237	0.000	-33.016	-0.014
3552720278.351	0.036	0.240	0.000	-32.835	-0.010
3552720279.351	0.035	0.238	0.001	-33.177	-0.020
3552720280.351	0.033	0.238	0.001	-33.300	-0.026
3552720281.350	0.035	0.239	0.001	-33.299	-0.026
3552720282.350	0.035	0.236	0.001	-32.988	-0.020
3552720283.351	0.034	0.236	0.001	-32.838	-0.017
3552720284.350	0.035	0.239	0.000	-32.765	-0.013
3552720285.351	0.034	0.236	0.001	-32.885	-0.019
3552720286.350	0.035	0.233	0.001	-33.078	-0.021
3552720287.351	0.034	0.238	0.001	-33.130	-0.025
3552720288.351	0.035	0.236	0.001	-33.302	-0.025
3552720289.350	0.035	0.238	0.001	-33.121	-0.023
3552720290.350	0.034	0.239	0.001	-32.928	-0.021
3552720291.351	0.035	0.235	0.000	-32.744	-0.009
3552720292.351	0.035	0.237	0.001	-32.860	-0.018
3552720293.350	0.034	0.237	0.001	-33.010	-0.017
3552720294.350	0.034	0.237	0.001	-33.256	-0.025
3552720295.350	0.035	0.239	0.001	-33.333	-0.028
3552720296.349	0.034	0.240	0.001	-33.091	-0.020
3552720537.052	0.210	0.814	15.875	290.569	4612.756
3552720538.214	0.215	0.841	15.878	291.536	4628.982
3552720539.209	0.214	0.838	15.878	291.536	4628.976
3552720540.209	0.214	0.834	15.878	291.536	4628.951
3552720541.209	0.213	0.831	15.878	291.536	4628.891
3552720542.209	0.215	0.833	15.878	291.536	4628.877
3552720543.209	0.215	0.830	15.878	291.536	4629.002
3552720544.209	0.214	0.838	15.878	291.536	4629.066
3552720545.210	0.216	0.830	15.878	291.536	4628.964
3552720546.209	0.215	0.829	15.878	291.536	4628.986
3552723039.982	-0.002	0.008	15.880	2.838	45.062
3552723041.159	-0.002	0.007	15.880	2.839	45.082
3552723042.156	-0.002	0.008	15.880	2.838	45.072
3552723043.156	-0.002	0.008	15.880	2.838	45.071
3552723044.156	-0.002	0.007	15.880	2.838	45.073
3552723045.157	-0.002	0.008	15.880	2.839	45.090
3552723046.154	-0.002	0.008	15.880	2.840	45.095
3552723047.154	-0.002	0.008	15.880	2.839	45.078
3552723048.154	-0.002	0.008	15.880	2.839	45.081
3552723049.155	-0.002	0.007	15.880	2.837	45.052
3552723050.154	-0.002	0.008	15.880	2.838	45.067
3552723051.154	-0.002	0.008	15.880	2.839	45.085
3552723052.155	-0.002	0.007	15.880	2.840	45.092
3552723053.155	-0.002	0.008	15.880	2.840	45.097
3552723054.155	-0.002	0.008	15.880	2.841	45.120
3552723055.156	-0.002	0.008	15.880	2.841	45.112
3552723056.156	-0.002	0.008	15.880	2.842	45.124
3552723057.157	-0.002	0.008	15.879	2.840	45.092
3552723058.156	-0.002	0.007	15.880	2.842	45.124
3552723059.155	-0.002	0.008	15.879	2.841	45.121
3552723060.155	-0.002	0.008	15.880	2.842	45.136
3552723061.156	-0.002	0.008	15.880	2.841	45.120
3552723062.154	-0.002	0.008	15.880	2.841	45.118
3552723063.155	-0.002	0.008	15.880	2.841	45.112
3552723064.154	-0.002	0.008	15.880	2.841	45.120
3552723065.155	-0.002	0.008	15.880	2.841	45.118
3552723066.154	-0.002	0.007	15.880	2.841	45.114
3552723147.696	-0.002	0.008	15.879	3.427	54.412
3552723148.863	-0.002	0.007	15.880	3.426	54.409
3552723149.860	-0.002	0.008	15.880	3.425	54.395
3552723150.860	-0.002	0.007	15.880	3.426	54.412
3552723151.859	-0.002	0.007	15.880	3.425	54.388
3552723152.861	-0.002	0.007	15.880	3.426	54.403
3552723153.859	-0.002	0.007	15.880	3.426	54.401
3552723154.859	-0.002	0.007	15.880	3.425	54.384
3552723155.859	-0.002	0.007	15.880	3.425	54.384
3552723156.859	-0.002	0.007	15.880	3.424	54.374
3552723157.859	-0.002	0.008	15.880	3.425	54.391
3552723158.859	-0.002	0.007	15.880	3.425	54.382
3552723159.861	-0.002	0.007	15.880	3.425	54.392
3552723160.860	-0.002	0.007	15.880	3.425	54.392
3552723161.860	-0.002	0.007	15.880	3.424	54.375
3552723162.860	-0.002	0.007	15.880	3.424	54.378
3552723163.860	-0.002	0.007	15.880	3.423	54.359
3552723164.861	-0.002	0.007	15.880	3.424	54.371
3552723165.859	-0.002	0.007	15.880	3.424	54.378
3552723166.859	-0.002	0.007	15.880	3.423	54.362
3552723167.859	-0.002	0.008	15.880	3.424	54.374
3552723168.860	-0.002	0.008	15.879	3.425	54.382
3552723169.860	-0.002	0.008	15.880	3.426	54.398
3552723170.859	-0.002	0.008	15.880	3.425	54.385
3552723171.859	-0.002	0.008	15.880	3.425	54.385
3552723172.860	-0.002	0.007	15.880	3.424	54.375
3552723173.859	-0.002	0.008	15.877	3.277	52.024
3552723174.859	-0.002	0.008	15.877	1.850	29.375
3552723175.859	-0.002	0.008	15.877	1.591	25.255
3552723176.860	-0.002	0.008	15.877	1.593	25.295
3552723177.860	-0.002	0.007	15.877	1.593	25.285
3552723178.860	-0.002	0.008	15.877	1.592	25.281
3552723179.860	-0.002	0.007	15.877	1.592	25.269
3552723180.861	-0.002	0.007	15.877	1.592	25.273
3552723181.859	-0.002	0.008	15.877	1.592	25.268
3552723182.859	-0.002	0.008	15.877	1.593	25.288
3552723183.859	-0.002	0.007	15.877	1.593	25.297
3552723184.860	-0.002	0.008	15.877	1.593	25.292
3552723185.860	-0.002	0.008	15.877	1.592	25.276
3552723186.859	-0.002	0.008	15.877	1.592	25.279
3552723187.859	-0.002	0.008	15.877	1.592	25.273
3552723188.859	-0.002	0.007	15.877	1.592	25.271
3552723189.860	-0.002	0.008	15.877	1.591	25.258
3552723190.859	-0.002	0.008	15.877	1.592	25.268
3552723191.860	-0.002	0.007	15.877	1.591	25.254
3552723192.859	-0.002	0.007	15.877	1.592	25.269
3552723193.859	-0.002	0.007	15.877	1.592	25.272
3552723194.860	-0.002	0.007	15.877	1.592	25.271
3552723195.859	-0.002	0.008	15.877	1.592	25.272
3552723196.859	-0.002	0.007	15.877	1.590	25.238
3552723197.859	-0.002	0.008	15.877	1.589	25.231
3552723198.860	-0.002	0.008	15.877	1.590	25.240
3552723199.859	-0.002	0.007	15.877	1.589	25.236
3552723200.860	-0.002	0.008	15.877	1.590	25.238
3552723201.859	-0.002	0.008	15.877	1.590	25.246
3552723202.860	-0.002	0.008	15.877	1.589	25.234
3552723203.859	-0.002	0.008	15.877	1.589	25.235
3552723204.860	-0.002	0.008	15.877	1.588	25.215
3552723205.859	-0.002	0.008	15.878	1.587	25.201
3552723206.859	-0.002	0.007	15.878	1.585	25.159
3552723207.859	-0.002	0.008	15.881	1.585	25.166
3552723208.859	-0.002	0.008	15.881	1.545	24.531
3552723209.859	-0.002	0.067	15.948	3.414	54.448
3552723210.859	-0.001	0.019	15.902	3.282	52.196
3552723211.859	-0.001	0.019	15.903	3.361	53.441
3552723212.860	-0.002	0.019	15.901	3.059	48.647
3552723213.860	-0.002	0.019	15.900	2.988	47.513
3552723214.860	-0.002	0.020	15.899	2.944	46.807
3552723215.860	-0.002	0.019	15.900	2.999	47.685
3552723216.861	-0.002	0.020	15.900	2.979	47.362
3552723217.860	-0.001	0.019	15.901	3.140	49.927
3552723218.859	-0.001	0.018	14.300	3.323	47.521
3552723219.859	-0.001	0.019	14.329	3.167	45.382
3552723220.860	-0.001	0.018	15.899	3.173	50.443
3552723221.860	-0.001	0.014	15.891	2.463	39.134
3552723222.859	-0.002	0.007	15.883	1.563	24.820
3552723223.858	-0.002	0.007	15.883	1.469	23.339
3552723224.859	-0.002	0.013	15.889	1.828	29.049
3552723225.858	-0.001	0.018	15.898	2.805	44.596
3552723226.858	-0.001	0.020	15.902	3.357	53.388
3552723227.858	-0.001	0.020	15.901	3.361	53.447
3552723228.858	-0.001	0.020	15.902	3.209	51.035
3552723229.860	-0.002	0.011	15.888	2.079	33.036
3552723230.860	-0.001	0.006	15.883	1.574	25.006
3552723231.860	-0.002	0.007	15.883	1.576	25.028
3552723232.859	-0.002	0.007	15.883	1.578	25.059
3552723233.859	-0.002	0.007	15.883	1.577	25.047
3552723234.859	-0.002	0.007	15.883	1.575	25.024
3552723235.860	-0.002	0.007	15.883	1.573	24.984
3552723236.871	-0.002	0.007	15.883	1.574	25.004
3552723237.858	-0.002	0.008	15.883	1.576	25.025
3552723238.860	-0.001	0.017	15.893	2.246	35.692
3552723239.858	-0.001	0.021	10.027	3.299	33.076
3552723240.859	-0.001	0.018	-0.010	3.069	-0.030
3552723241.859	-0.001	0.017	-0.009	2.704	-0.025
3552723242.859	-0.001	0.016	-0.008	1.697	-0.013
3552723243.859	-0.001	0.016	-0.007	1.445	-0.011
3552723244.859	-0.002	0.014	-0.004	1.530	-0.006
3552723245.858	-0.002	0.009	0.002	1.398	0.002
3552723246.858	-0.002	0.008	0.002	1.396	0.002
3552723247.860	-0.002	0.008	0.002	1.396	0.002
3552723248.860	-0.002	0.008	0.001	1.395	0.002
3552723249.859	-0.002	0.008	0.001	1.396	0.002
3552723250.860	-0.002	0.008	0.001	1.397	0.002
3552723251.860	-0.002	0.008	0.001	1.399	0.002
3552723252.859	-0.002	0.008	0.002	1.401	0.002
3552723253.858	-0.002	0.008	0.002	1.400	0.003
3552723254.858	-0.002	0.008	0.002	1.399	0.003
3552723255.859	-0.002	0.008	0.002	1.399	0.003
3552723256.860	-0.002	0.008	0.002	1.399	0.002
3552723257.858	-0.002	0.008	0.002	1.398	0.002
3552723258.859	-0.002	0.008	0.001	1.397	0.002
3552723259.858	-0.002	0.008	0.002	1.397	0.002
3552723260.859	-0.002	0.008	0.002	1.398	0.002
3552723261.858	-0.002	0.008	0.002	1.396	0.002
3552723262.859	-0.002	0.009	0.002	1.396	0.003
3552723263.859	-0.002	0.009	0.002	1.396	0.002
3552723264.860	-0.002	0.008	0.002	1.397	0.002
3552723265.859	-0.002	0.008	0.002	1.399	0.002
3552723266.859	-0.002	0.009	0.001	1.400	0.002
3552723267.858	-0.002	0.008	0.001	1.400	0.002
3552723268.859	-0.002	0.008	0.002	1.399	0.002
3552723269.858	-0.002	0.008	0.002	1.397	0.002
3552723270.859	-0.002	0.008	0.002	1.396	0.003
3552723271.858	-0.002	0.009	0.002	1.396	0.002
3552723272.859	-0.002	0.008	0.001	1.396	0.002
3552723273.858	-0.002	0.008	0.001	1.396	0.002
3552723274.859	-0.002	0.008	0.001	1.397	0.002
3552723275.859	-0.002	0.008	0.001	1.398	0.002
3552723276.859	-0.002	0.008	0.002	1.398	0.002
3552723277.859	-0.002	0.008	0.002	1.397	0.002
3552723278.858	-0.002	0.008	0.002	1.396	0.003
3552723279.859	-0.002	0.008	0.002	1.397	0.003
3552723280.860	-0.002	0.009	0.001	1.398	0.002
3552723281.859	-0.002	0.008	0.001	1.398	0.002
3552723282.858	-0.002	0.008	0.002	1.399	0.002
3552723283.858	-0.002	0.008	0.002	1.398	0.002
3552723284.859	-0.002	0.008	0.002	1.398	0.002
3552723285.859	-0.002	0.008	0.002	1.398	0.003
3552723286.858	-0.002	0.008	0.002	1.397	0.003
3552723287.859	-0.002	0.008	0.002	1.398	0.002
3552723288.859	-0.002	0.008	0.002	1.398	0.002
3552723289.858	-0.002	0.008	0.001	1.398	0.002
3552723290.858	-0.002	0.008	0.001	1.398	0.002
3552723291.859	-0.002	0.008	0.002	1.399	0.002
3552723292.860	-0.002	0.008	0.002	1.398	0.003
3552723293.858	-0.002	0.008	0.002	1.399	0.003
3552723294.859	-0.002	0.009	0.002	1.399	0.002
3552723295.857	-0.002	0.008	0.002	1.400	0.002
3552723296.858	-0.003	0.009	0.001	1.401	0.002
3552723297.857	-0.003	0.009	0.001	1.401	0.002
3552723298.857	-0.002	0.009	0.465	1.402	0.652
3552723299.859	-0.002	0.009	14.504	1.480	21.461
3552723300.859	-0.002	0.008	15.873	1.538	24.417
3552723301.858	-0.002	0.007	15.874	1.537	24.391
3552723302.859	-0.002	0.008	15.873	1.533	24.331
3552723303.858	-0.002	0.008	15.874	1.535	24.370
3552723304.859	-0.002	0.008	15.873	1.535	24.361
3552723305.859	-0.002	0.008	15.873	1.535	24.372
3552723306.858	-0.002	0.007	15.881	1.568	24.899
3552723307.858	-0.002	0.008	15.874	1.534	24.351
3552723308.859	-0.002	0.008	15.876	1.543	24.492
3552723309.858	-0.002	0.008	15.883	1.576	25.035
3552723310.857	-0.003	0.008	15.883	1.575	25.017
3552723311.857	-0.002	0.009	15.881	1.570	24.939
3552723312.859	-0.002	0.008	15.874	1.531	24.299
3552723313.857	-0.002	0.008	15.875	1.534	24.353
3552723314.857	-0.003	0.008	15.875	1.533	24.330
3552723315.857	-0.003	0.009	15.874	1.533	24.334
3552723316.858	-0.003	0.010	15.881	1.571	24.951
3552723317.858	-0.003	0.010	15.878	1.558	24.734
3552723318.858	-0.003	0.010	15.883	1.580	25.091
3552723319.859	-0.003	0.010	15.883	1.579	25.084
3552723320.859	-0.003	0.010	15.883	1.580	25.100
3552723321.859	-0.002	0.009	15.883	1.580	25.093
3552723322.859	-0.002	0.010	15.883	1.581	25.115
3552723323.859	-0.002	0.009	15.882	1.583	25.144
3552723324.857	-0.002	0.010	15.882	1.584	25.161
3552723325.857	-0.003	0.009	15.883	1.584	25.154
3552723326.857	-0.002	0.009	15.883	1.581	25.118
3552723327.857	-0.002	0.009	15.883	1.581	25.111
3552723328.858	-0.002	0.009	15.883	1.581	25.114
3552723329.857	-0.003	0.009	15.882	1.582	25.123
3552723330.858	-0.003	0.009	15.883	1.583	25.147
3552723331.858	-0.002	0.009	15.883	1.584	25.165
3552723332.859	-0.002	0.009	15.883	1.583	25.144
3552723333.857	-0.002	0.009	15.883	1.582	25.128
3552723334.859	-0.003	0.009	15.883	1.584	25.155
3552723335.858	-0.002	0.009	15.882	1.586	25.184
3552723336.859	-0.003	0.009	15.883	1.586	25.184
3552723337.858	-0.002	0.009	15.883	1.586	25.190
3552723338.858	-0.002	0.009	15.883	1.584	25.161
3552723339.858	-0.003	0.009	15.883	1.584	25.152
3552723340.858	-0.002	0.009	15.883	1.583	25.148
3552723341.857	-0.002	0.009	15.883	1.583	25.147
3552723342.857	-0.002	0.009	15.883	1.584	25.166
3552723343.857	-0.002	0.009	15.883	1.584	25.156
3552723344.857	-0.002	0.009	15.883	1.583	25.135
3552723345.858	-0.002	0.008	15.883	1.583	25.139
3552723346.857	-0.002	0.008	15.883	1.582	25.119
3552723347.857	-0.002	0.009	15.883	1.581	25.111
3552723348.858	-0.002	0.008	15.882	1.581	25.116
3552723349.857	-0.002	0.008	15.883	1.582	25.130
3552723350.857	-0.002	0.008	15.883	1.583	25.146
3552723351.858	-0.002	0.008	15.883	1.582	25.124
3552723352.859	-0.002	0.008	15.883	1.581	25.109
3552723353.858	-0.002	0.008	15.883	1.580	25.094
3552723354.857	-0.002	0.008	15.883	1.581	25.105
3552723355.857	-0.002	0.009	15.883	1.584	25.159
3552723356.857	-0.002	0.009	15.883	1.582	25.133
3552723357.857	-0.002	0.008	15.883	1.581	25.108
3552723358.858	-0.002	0.009	15.883	1.580	25.096
3552723359.857	-0.002	0.008	15.883	1.581	25.106
3552723360.858	-0.002	0.008	15.882	1.582	25.119
3552723361.857	-0.002	0.009	15.882	1.584	25.154
3552723362.857	-0.002	0.009	15.883	1.584	25.161
3552723363.857	-0.002	0.008	15.883	1.584	25.155
3552723364.857	-0.002	0.009	15.883	1.583	25.138
3552723365.857	-0.002	0.008	15.882	1.584	25.156
3552723366.857	-0.002	0.008	15.882	1.584	25.156
3552723367.856	-0.002	0.009	15.883	1.584	25.165
3552723368.857	-0.002	0.008	15.883	1.582	25.132
3552723369.857	-0.002	0.008	15.883	1.582	25.130
3552723370.857	-0.002	0.009	15.883	1.582	25.119
3552723371.857	-0.002	0.008	15.883	1.583	25.150
3552723372.859	-0.002	0.008	15.883	1.585	25.179
3552723373.859	-0.002	0.008	15.883	1.586	25.186
3552723374.858	-0.002	0.008	15.883	1.583	25.145
3552723375.858	-0.002	0.009	15.883	1.584	25.152
3552723656.869	-0.002	0.009	15.883	1.585	25.166
3552723658.022	-0.002	0.009	15.883	1.584	25.163
3552723659.019	-0.002	0.009	15.883	1.583	25.141
3552723660.019	-0.002	0.009	15.883	1.583	25.142
3552723661.020	-0.002	0.009	15.883	1.584	25.151
3552723662.019	-0.002	0.009	15.883	1.584	25.166
3552723663.020	-0.002	0.009	15.883	1.586	25.184
3552723664.020	-0.002	0.009	15.883	1.585	25.168
3552723665.019	-0.002	0.009	15.883	1.584	25.152
3552723666.019	-0.003	0.010	15.883	1.584	25.163
3552723667.020	-0.002	0.009	15.883	1.586	25.196
3552723668.021	-0.003	0.010	15.883	1.587	25.206
3552723669.020	-0.002	0.009	15.884	1.586	25.184
3552723670.020	-0.002	0.009	15.884	1.583	25.144
3552723671.020	-0.003	0.009	15.883	1.583	25.146
3552723672.019	-0.002	0.009	15.883	1.584	25.163
3552723673.019	-0.002	0.009	15.883	1.585	25.170
3552723674.020	-0.003	0.009	15.884	1.583	25.139
3552723675.019	-0.002	0.009	15.884	1.582	25.129
3552723676.019	-0.002	0.009	15.883	1.583	25.138
3552723677.019	-0.002	0.009	15.883	1.584	25.154
3552723678.019	-0.003	0.009	15.883	1.584	25.158
3552723679.020	-0.002	0.009	15.883	1.582	25.134
3552723680.019	-0.002	0.010	15.884	1.580	25.097
3552723681.019	-0.002	0.009	15.883	1.582	25.120
3552723682.020	-0.003	0.010	15.883	1.583	25.146
3552723683.020	-0.002	0.009	15.883	1.583	25.146
3552723684.019	-0.003	0.009	15.884	1.582	25.122
3552723685.019	-0.002	0.009	15.884	1.579	25.085
3552723686.020	-0.002	0.009	15.883	1.581	25.114
3552723687.019	-0.003	0.010	15.883	1.584	25.151
3552723688.020	-0.002	0.009	15.883	1.583	25.136
3552723689.020	-0.003	0.010	15.884	1.579	25.079
3552723690.019	-0.003	0.010	15.875	1.533	24.336
3552723691.020	-0.002	0.009	15.876	1.538	24.411
3552723692.020	-0.002	0.009	15.875	1.537	24.405
3552723693.020	-0.002	0.009	15.876	1.539	24.437
3552723694.021	-0.002	0.009	15.876	1.534	24.349
3552723695.020	-0.002	0.009	15.876	1.537	24.404
3552723696.019	-0.002	0.009	15.875	1.535	24.363
3552723697.019	-0.002	0.009	15.876	1.538	24.419
3552723698.019	-0.002	0.009	15.876	1.537	24.404
3552723699.018	-0.002	0.009	15.876	1.535	24.362
3552723700.018	-0.002	0.009	15.876	1.539	24.426
3552723701.018	-0.002	0.009	15.875	1.537	24.395
3552723702.020	-0.002	0.009	15.876	1.541	24.463
3552723703.020	-0.002	0.009	15.876	1.535	24.369
3552723704.019	-0.002	0.009	15.877	1.536	24.387
3552723705.020	-0.002	0.009	15.875	1.534	24.358
3552723706.021	-0.002	0.009	15.875	1.538	24.415
3552723707.020	-0.003	0.010	15.876	1.540	24.442
3552723708.019	-0.003	0.010	15.880	1.561	24.797
3552723709.019	-0.002	0.010	15.880	1.562	24.805
3552723710.019	-0.003	0.010	15.879	1.559	24.755
3552723711.019	-0.002	0.009	15.883	1.586	25.184
3552723712.020	-0.003	0.010	15.881	1.570	24.928
3552723713.020	-0.003	0.010	15.882	1.573	24.984
3552723714.019	-0.003	0.010	15.884	1.582	25.133
3552723715.018	-0.003	0.010	15.526	1.595	24.761
3552723716.018	-0.003	0.010	14.747	1.624	23.950
3552723717.018	-0.002	0.009	14.495	1.632	23.651
3552723718.018	-0.003	0.010	15.174	1.604	24.341
3552723719.019	-0.002	0.009	13.414	1.671	22.410
3552723720.019	-0.003	0.009	13.394	1.672	22.399
3552723721.020	-0.002	0.009	13.809	1.656	22.868
3552723722.019	-0.003	0.009	13.431	1.669	22.420
3552723723.020	-0.003	0.010	13.558	1.663	22.543
3552723724.019	-0.003	0.011	13.565	1.664	22.568
3552723725.019	-0.003	0.011	13.959	1.583	22.093
3552723726.020	-0.004	0.012	15.878	1.565	24.853
3552723727.019	-0.003	0.012	15.876	1.578	25.055
3552723728.018	-0.003	0.012	15.866	1.581	25.090
3552723729.018	-0.003	0.012	15.863	1.582	25.097
3552723730.020	-0.004	0.013	15.864	1.580	25.072
3552723731.018	-0.003	0.012	15.871	1.574	24.981
3552723732.018	-0.003	0.011	15.870	1.570	24.919
3552723733.018	-0.002	0.010	15.874	1.585	25.153
3552723734.020	-0.003	0.010	15.876	1.585	25.162
3552723735.019	-0.002	0.010	15.877	1.583	25.134
3552723736.019	-0.003	0.010	15.878	1.583	25.141
3552723737.019	-0.002	0.010	15.878	1.586	25.188
3552723738.020	-0.002	0.010	15.879	1.586	25.188
3552723739.020	-0.002	0.009	15.880	1.584	25.156
3552723740.019	-0.003	0.010	15.880	1.583	25.141
3552723741.020	-0.002	0.009	15.879	1.585	25.165
3552723742.019	-0.002	0.010	15.880	1.586	25.193
3552723743.018	-0.003	0.010	15.880	1.584	25.159
3552723744.018	-0.002	0.009	15.880	1.583	25.140
3552723745.018	-0.002	0.009	15.880	1.586	25.182
3552723746.019	-0.003	0.010	15.880	1.586	25.188
3552723747.018	-0.002	0.009	15.881	1.583	25.145
3552723748.018	-0.002	0.009	15.881	1.583	25.136
3552723749.018	-0.003	0.010	15.880	1.584	25.157
3552723750.019	-0.002	0.009	15.881	1.586	25.180
3552723751.019	-0.002	0.009	15.882	1.584	25.150
3552723752.018	-0.003	0.010	15.881	1.583	25.143
3552723753.019	-0.002	0.009	15.881	1.587	25.210
3552723754.021	-0.002	0.009	15.881	1.588	25.216
3552723755.019	-0.002	0.010	15.882	1.587	25.200
3552723756.020	-0.002	0.009	15.882	1.585	25.176
3552723757.019	-0.002	0.009	15.881	1.586	25.195
3552723758.018	-0.002	0.009	15.881	1.587	25.208
3552723759.019	-0.002	0.010	15.882	1.585	25.177
3552723760.018	-0.002	0.009	15.882	1.584	25.150
3552723761.018	-0.002	0.009	15.881	1.587	25.211
3552723762.019	-0.002	0.010	15.882	1.586	25.194
3552723763.019	-0.002	0.009	15.882	1.585	25.178
3552723764.019	-0.002	0.009	15.882	1.586	25.184
3552723765.019	-0.002	0.009	15.881	1.587	25.211
3552723766.019	-0.003	0.010	15.882	1.587	25.207
3552723767.018	-0.002	0.009	15.882	1.584	25.161
3552723768.018	-0.002	0.010	15.882	1.584	25.163
3552723769.019	-0.002	0.010	15.881	1.588	25.213
3552723770.019	-0.002	0.009	15.882	1.588	25.220
3552723771.017	-0.002	0.009	15.882	1.585	25.174
3552723772.018	-0.002	0.009	15.882	1.587	25.202
3552723773.018	-0.002	0.009	15.882	1.588	25.228
3552723774.018	-0.002	0.009	15.882	1.587	25.207
3552723775.018	-0.003	0.009	15.882	1.586	25.193
3552723776.019	-0.002	0.009	15.882	1.588	25.221
3552723777.018	-0.002	0.009	15.882	1.590	25.249
3552723778.019	-0.003	0.010	15.883	1.587	25.209
3552723779.018	-0.002	0.009	15.882	1.585	25.178
3552723780.018	-0.002	0.009	15.882	1.588	25.227
3552723781.019	-0.002	0.010	15.882	1.589	25.235
3552723782.019	-0.002	0.009	15.883	1.587	25.201
3552723783.018	-0.002	0.009	15.882	1.585	25.175
3552723784.019	-0.003	0.010	15.882	1.588	25.216
3552723785.019	-0.002	0.009	15.882	1.588	25.228
3552723786.018	-0.002	0.009	15.883	1.585	25.173
3552723787.017	-0.003	0.009	15.882	1.584	25.159
3552723788.017	-0.002	0.009	15.882	1.586	25.188
3552723789.019	-0.003	0.009	15.882	1.585	25.175
3552723790.018	-0.002	0.009	15.883	1.585	25.168
3552723791.019	-0.003	0.009	8.529	0.393	3.352
3552723792.018	-0.002	0.008	0.001	1.398	0.001
3552723793.018	-0.003	0.009	0.006	1.404	0.008
3552723794.019	-0.002	0.008	0.006	1.399	0.008
3552723795.018	-0.002	0.008	0.005	1.399	0.007
3552723796.019	-0.003	0.009	0.005	1.402	0.007
3552723797.018	-0.002	0.008	0.006	1.400	0.008
3552723798.020	-0.002	0.008	0.006	1.398	0.008
3552723799.017	-0.002	0.009	0.005	1.399	0.007
3552723800.018	-0.002	0.008	0.005	1.401	0.007
3552723801.017	-0.002	0.008	0.006	1.398	0.008
3552723802.017	-0.003	0.009	0.005	1.397	0.007
3552723803.018	-0.002	0.008	0.005	1.398	0.007
3552723804.018	-0.003	0.009	0.005	1.398	0.007
3552723805.017	-0.002	0.009	0.006	1.395	0.008
3552723806.017	-0.002	0.008	0.005	1.395	0.007
3552723807.018	-0.002	0.009	0.005	1.399	0.007
3552723808.018	-0.003	0.008	0.005	1.399	0.008
3552723809.019	-0.002	0.008	0.006	1.395	0.008
3552723810.019	-0.003	0.009	0.005	1.398	0.007
3552723811.019	-0.002	0.009	0.005	1.400	0.007
3552723812.020	-0.002	0.008	0.006	1.398	0.008
3552723813.020	-0.003	0.009	0.005	1.397	0.008
3552723814.017	-0.003	0.009	0.005	1.399	0.007
3552723815.017	-0.002	0.008	0.005	1.401	0.007
3552723816.017	-0.002	0.009	0.006	1.399	0.008
3552723817.018	-0.003	0.009	0.005	1.396	0.007
3552723818.017	-0.002	0.009	0.005	1.399	0.007
3552723819.018	-0.002	0.010	0.005	1.401	0.007
3552723820.017	-0.003	0.011	0.006	1.398	0.008
3552723821.017	-0.002	0.010	0.005	1.397	0.007
3552723822.018	-0.002	0.010	0.005	1.399	0.006
3552723823.018	-0.002	0.010	0.005	1.399	0.007
3552723824.019	-0.002	0.009	0.006	1.395	0.008
3552723825.018	-0.002	0.009	0.005	1.397	0.007
3552723826.019	-0.003	0.009	0.005	1.401	0.006
3552723827.019	-0.003	0.009	0.006	1.401	0.008
3552723828.018	-0.003	0.011	0.003	1.414	0.004
3552723829.017	-0.002	0.010	0.002	1.416	0.003
3552723830.018	-0.003	0.010	0.002	1.417	0.004
3552723831.018	-0.003	0.010	0.003	1.416	0.005
3552723832.017	-0.003	0.010	0.003	1.415	0.004
3552723833.017	-0.003	0.010	0.002	1.418	0.003
3552723834.017	-0.003	0.010	0.003	1.418	0.004
3552723835.018	-0.003	0.010	0.003	1.415	0.004
3552723836.017	-0.002	0.010	0.002	1.415	0.003
3552723837.017	-0.002	0.010	0.002	1.417	0.003
3552723838.017	-0.003	0.011	0.003	1.416	0.005
3552723839.018	-0.002	0.010	0.003	1.413	0.004
3552723840.017	-0.003	0.010	0.002	1.416	0.003
3552723841.018	-0.002	0.010	0.003	1.417	0.004
3552723842.018	-0.003	0.010	0.003	1.414	0.004
3552723843.017	-0.002	0.010	0.002	1.415	0.003
3552723844.018	-0.003	0.011	0.003	1.419	0.004
3552723845.018	-0.002	0.011	0.003	1.416	0.005
3552723846.018	-0.003	0.011	0.003	1.413	0.004
3552723847.018	-0.003	0.011	0.002	1.416	0.003
3552723848.018	-0.002	0.011	0.003	1.416	0.004
3552723849.018	-0.003	0.011	0.003	1.413	0.005
3552723850.019	-0.002	0.011	0.003	1.415	0.004
3552723851.018	-0.003	0.011	0.002	1.418	0.003
3552723852.019	-0.002	0.011	0.003	1.415	0.005
3552723853.017	-0.003	0.011	0.003	1.413	0.004
3552723854.017	-0.003	0.011	0.002	1.416	0.003
3552723855.017	-0.003	0.011	0.003	1.415	0.005
3552723856.017	-0.003	0.011	0.003	1.413	0.004
3552723857.016	-0.002	0.011	0.002	1.415	0.003
3552723858.016	-0.003	0.011	0.003	1.414	0.005
3552723859.018	-0.002	0.011	0.003	1.412	0.004
3552723860.018	-0.003	0.011	0.002	1.415	0.003
3552723861.018	-0.003	0.011	0.003	1.414	0.005
3552723862.017	-0.003	0.011	0.003	1.411	0.004
3552723863.018	-0.003	0.011	0.002	1.414	0.003
3552723864.018	-0.002	0.011	0.003	1.416	0.004
3552723865.018	-0.003	0.012	0.003	1.412	0.005
3552723866.018	-0.002	0.011	0.002	1.415	0.003
3552723867.017	-0.002	0.011	0.003	1.417	0.005
3552723868.017	-0.002	0.011	0.004	1.412	0.005
3552723869.018	-0.002	0.011	0.002	1.414	0.003
3552723870.018	-0.002	0.011	0.003	1.416	0.004
3552723871.016	-0.002	0.011	0.004	1.412	0.005
3552723872.017	-0.002	0.010	0.003	1.414	0.004
3552723873.016	-0.002	0.011	0.003	1.417	0.005
3552723874.017	-0.002	0.011	0.004	1.413	0.005
3552723875.016	-0.002	0.010	0.002	1.415	0.003
3552723876.017	-0.002	0.010	0.003	1.417	0.004
3552723877.018	-0.003	0.011	0.004	1.413	0.005
3552723878.017	-0.003	0.011	0.003	1.415	0.004
3552723879.018	-0.003	0.011	0.003	1.417	0.004
3552723880.018	-0.003	0.011	0.004	1.413	0.005
3552723881.018	-0.003	0.011	0.003	1.415	0.004
3552723882.018	-0.003	0.012	0.003	1.416	0.005
3552723883.018	-0.003	0.012	0.004	1.413	0.005
3552723884.018	-0.003	0.011	0.003	1.416	0.004
3552723885.018	-0.003	0.011	0.003	1.417	0.005
3552723886.017	-0.003	0.012	0.004	1.413	0.005
3552723887.018	-0.002	0.011	0.003	1.413	0.004
3552723888.016	-0.003	0.011	0.003	1.414	0.005
3552723889.017	-0.003	0.012	0.004	1.411	0.005
3552723890.018	-0.003	0.011	0.003	1.415	0.004
3552723891.016	-0.002	0.011	0.003	1.416	0.005
3552723892.017	-0.003	0.012	0.004	1.412	0.005
3552723893.016	-0.003	0.011	0.003	1.414	0.004
3552723894.017	-0.003	0.012	0.004	1.417	0.005
3552723895.018	-0.003	0.012	0.003	1.413	0.005
3552723896.018	-0.003	0.011	0.003	1.417	0.004
3552723897.018	-0.002	0.011	0.004	1.413	0.005
3552723898.019	-0.003	0.012	0.003	1.414	0.004
3552723899.017	-0.002	0.011	0.003	1.418	0.004
3552723900.018	-0.003	0.011	0.004	1.415	0.005
3552723901.017	-0.002	0.011	0.003	1.415	0.004
3552723902.017	-0.003	0.012	0.003	1.418	0.004
3552723903.017	-0.003	0.011	0.004	1.414	0.005
3552723904.017	-0.003	0.012	0.003	1.414	0.004
3552723905.016	-0.003	0.012	0.003	1.416	0.005
3552723906.017	-0.003	0.012	0.004	1.412	0.005
3552723907.016	-0.003	0.012	0.003	1.413	0.004
3552723908.016	-0.003	0.012	0.003	1.416	0.004
3552723909.016	-0.003	0.011	0.004	1.410	0.005
3552723910.018	-0.003	0.011	0.003	1.411	0.004
3552723911.016	-0.003	0.011	0.003	1.415	0.004
3552723912.018	-0.003	0.012	0.004	1.412	0.006
3552723913.018	-0.003	0.012	0.003	1.413	0.004
3552723914.017	-0.003	0.012	0.003	1.415	0.004
3552723915.018	-0.002	0.012	0.004	1.412	0.005
3552723916.016	-0.003	0.012	0.003	1.412	0.004
3552723917.016	-0.003	0.012	0.003	1.414	0.004
3552723918.016	-0.003	0.012	0.004	1.411	0.006
3552723919.017	-0.003	0.012	0.003	1.410	0.004
3552723920.016	-0.003	0.012	0.003	1.414	0.004
3552723921.017	-0.003	0.012	0.004	1.410	0.006
3552723922.016	-0.002	0.011	0.003	1.410	0.004
3552723923.016	-0.003	0.012	0.003	1.415	0.004
3552723924.017	-0.003	0.012	0.004	1.413	0.005
3552723925.017	-0.002	0.011	0.003	1.411	0.004
3552723926.017	-0.003	0.012	0.003	1.414	0.004
3552723927.016	-0.002	0.012	0.004	1.411	0.006
3552723928.017	-0.003	0.012	0.003	1.409	0.004
3552723929.018	-0.003	0.012	0.003	1.415	0.004
3552723930.016	-0.002	0.011	0.004	1.411	0.005
3552723931.016	-0.003	0.012	0.003	1.409	0.004
3552723932.016	-0.002	0.011	0.003	1.415	0.004
3552723933.016	-0.003	0.012	0.004	1.412	0.005
3552723934.016	-0.002	0.011	0.003	1.410	0.004
3552723943.485	0.000	0.010	-0.018	1.268	-0.023
3552723944.669	-0.000	0.011	0.010	1.324	0.013
3552723945.667	-0.002	0.011	0.037	1.471	0.054
3552723946.667	-0.001	0.012	0.016	1.574	0.026
3552723947.669	-0.001	0.013	-0.015	1.472	-0.022
3552723948.668	0.000	0.012	-0.024	1.300	-0.031
3552723949.668	0.001	0.010	-0.015	1.269	-0.019
3552723950.669	0.001	0.011	0.016	1.412	0.023
3552723951.666	-0.001	0.011	0.029	1.567	0.046
3552723952.666	-0.002	0.011	-0.002	1.543	-0.003
3552723953.667	-0.001	0.011	-0.029	1.388	-0.041
3552723954.666	0.000	0.013	-0.022	1.284	-0.028
3552723955.667	0.001	0.012	0.001	1.268	0.002
3552723956.667	0.001	0.010	0.023	1.434	0.034
3552723957.666	0.001	0.009	0.026	1.566	0.040
3552723958.668	-0.001	0.010	-0.011	1.458	-0.017
3552723959.666	-0.002	0.012	-0.026	1.279	-0.033
3552723960.667	-0.001	0.013	-0.001	1.305	-0.001
3552723961.668	0.000	0.011	0.026	1.462	0.038
3552723962.666	0.001	0.012	0.024	1.552	0.037
3552723963.668	0.001	0.012	-0.010	1.521	-0.015
3552723964.668	0.001	0.010	-0.030	1.357	-0.040
3552723965.666	-0.001	0.011	-0.017	1.240	-0.022
3552723966.667	-0.001	0.010	0.016	1.386	0.022
3552723967.668	-0.002	0.012	0.024	1.557	0.038
3552723968.668	0.001	0.013	0.001	1.513	0.001
3552723969.666	0.001	0.013	-0.022	1.359	-0.030
3552723970.666	0.000	0.010	-0.022	1.255	-0.028
3552723971.667	0.001	0.010	0.017	1.332	0.022
3552723972.667	-0.000	0.010	0.036	1.482	0.053
3552723973.667	-0.002	0.012	0.010	1.561	0.015
3552723974.666	-0.001	0.012	-0.013	1.455	-0.019
3552723975.668	-0.000	0.012	-0.029	1.302	-0.038
3552723976.666	0.001	0.012	-0.019	1.264	-0.024
3552723977.666	0.001	0.010	0.019	1.385	0.027
3552723978.667	-0.000	0.010	0.028	1.533	0.042
3552723979.667	-0.000	0.010	0.000	1.544	0.001
3552723980.666	-0.001	0.011	-0.026	1.392	-0.036
3552723981.667	-0.001	0.013	-0.021	1.264	-0.026
3552723982.668	-0.000	0.014	0.008	1.310	0.011
3552723983.667	0.001	0.011	0.029	1.490	0.043
3552723984.667	0.001	0.011	0.016	1.574	0.026
3552723985.667	0.001	0.010	-0.016	1.410	-0.023
3552723986.667	-0.002	0.011	-0.028	1.263	-0.035
3552723987.666	-0.001	0.012	0.001	1.301	0.002
3552723988.667	0.000	0.012	0.027	1.431	0.039
3552723989.666	-0.001	0.013	0.021	1.562	0.033
3552723990.666	0.001	0.012	-0.010	1.524	-0.016
3552723991.667	0.001	0.010	-0.030	1.346	-0.040
3552723992.667	-0.000	0.010	-0.022	1.245	-0.027
3552723993.666	-0.000	0.010	0.008	1.660	0.012
3552723994.665	-0.001	0.012	0.032	2.270	0.072
3552723995.666	-0.001	0.014	0.016	2.309	0.037
3552723996.665	0.001	0.013	-0.014	2.229	-0.032
3552723997.665	0.000	0.012	-0.024	2.116	-0.051
3552723998.666	0.000	0.012	-0.018	2.015	-0.036
3552723999.667	0.000	0.010	0.015	2.119	0.032
3552724000.667	-0.003	0.012	0.032	2.288	0.073
3552724001.666	-0.001	0.012	0.021	2.363	0.051
3552724002.667	-0.001	0.012	0.000	2.288	0.001
3552724003.666	0.001	0.012	-0.031	2.171	-0.068
3552724004.666	0.000	0.011	-0.024	2.056	-0.049
3552724005.667	0.001	0.010	0.002	2.074	0.005
3552724006.667	-0.000	0.010	0.020	2.228	0.044
3552724007.666	-0.001	0.010	0.021	2.352	0.049
3552724008.667	-0.001	0.012	-0.011	2.263	-0.025
3552724009.666	-0.001	0.014	-0.028	2.070	-0.057
3552724010.666	0.000	0.012	-0.019	2.034	-0.039
3552724011.666	0.000	0.011	0.012	2.114	0.026
3552724012.666	0.002	0.010	0.039	2.246	0.088
3552724013.666	-0.001	0.010	0.017	2.347	0.039
3552724014.666	-0.001	0.010	-0.008	2.284	-0.018
3552724015.666	-0.002	0.012	-0.024	2.143	-0.051
3552724016.668	-0.000	0.013	-0.027	2.041	-0.055
3552724017.666	-0.000	0.013	0.007	2.119	0.014
3552724018.666	0.002	0.011	0.026	2.260	0.058
3552724019.667	0.000	0.010	0.022	2.328	0.051
3552724020.667	-0.000	0.010	0.004	2.341	0.010
3552724021.666	-0.001	0.010	-0.026	2.202	-0.058
3552724022.665	-0.001	0.013	-0.026	2.067	-0.053
3552724023.665	-0.001	0.013	-0.026	2.026	-0.052
3552724024.665	-0.000	0.013	0.009	2.097	0.019
3552724036.356	-0.000	0.013	-0.025	2.099	-0.051
3552724037.547	0.000	0.011	-0.025	2.027	-0.050
3552724038.546	0.001	0.010	0.012	2.096	0.025
3552724039.546	0.000	0.008	0.030	2.228	0.067
3552724040.546	-0.001	0.010	0.028	2.327	0.064
3552724041.546	-0.001	0.012	0.008	2.352	0.018
3552724042.545	-0.001	0.012	-0.020	2.256	-0.045
3552724043.545	-0.001	0.012	-0.032	2.063	-0.066
3552724044.544	0.001	0.011	-0.014	2.061	-0.029
3552724045.544	0.001	0.011	0.016	2.188	0.036
3552724046.543	-0.000	0.009	0.026	2.281	0.060
3552724047.544	-0.001	0.010	0.009	2.318	0.021
3552724048.544	-0.001	0.012	-0.023	2.199	-0.051
3552724049.545	-0.001	0.013	-0.026	2.037	-0.054
3552724050.544	0.001	0.013	-0.000	2.037	-0.000
3552724051.545	0.001	0.011	0.019	2.188	0.041
3552724052.546	0.001	0.009	0.033	2.319	0.076
3552724053.545	-0.001	0.011	0.025	2.346	0.059
3552724054.545	-0.000	0.011	-0.010	2.307	-0.023
3552724055.546	-0.001	0.013	-0.030	2.164	-0.065
3552724056.546	-0.001	0.013	-0.022	2.041	-0.044
3552724057.546	0.001	0.010	-0.002	2.087	-0.004
3552724058.546	0.001	0.010	0.018	2.222	0.040
3552724059.544	0.000	0.010	0.025	2.330	0.059
3552724060.544	-0.001	0.009	0.005	2.298	0.013
3552724061.544	-0.001	0.010	-0.028	2.178	-0.061
3552724062.544	-0.002	0.012	-0.027	2.053	-0.055
3552724063.544	0.000	0.012	0.003	2.040	0.006
3552724064.544	0.001	0.011	0.026	2.185	0.057
3552724065.543	0.000	0.011	0.030	2.350	0.071
3552724066.543	-0.000	0.011	0.012	2.345	0.029
3552724067.545	-0.001	0.011	-0.020	2.225	-0.043
3552724068.545	-0.002	0.013	-0.029	2.122	-0.062
3552724069.546	-0.000	0.013	-0.013	2.074	-0.027
3552724070.546	0.001	0.011	0.014	2.155	0.030
3552724071.546	0.001	0.010	0.025	2.305	0.058
3552724072.546	0.001	0.010	0.013	2.358	0.032
3552724082.419	0.001	0.011	0.023	2.341	0.053
3552724083.549	0.001	0.010	0.008	2.322	0.018
3552724084.545	0.000	0.010	-0.025	2.164	-0.053
3552724085.544	-0.001	0.011	-0.026	2.031	-0.053
3552724086.544	-0.001	0.012	0.006	2.093	0.012
3552724087.544	-0.002	0.012	0.031	2.251	0.069
3552724088.545	0.000	0.013	0.021	2.321	0.050
3552724089.544	0.001	0.012	-0.005	2.307	-0.011
3552724090.544	0.001	0.009	-0.025	2.165	-0.054
3552724091.544	-0.001	0.011	-0.024	2.032	-0.048
3552724092.544	-0.000	0.011	-0.000	2.102	-0.000
3552724093.544	-0.001	0.012	0.019	2.226	0.043
3552724094.544	-0.001	0.013	0.030	2.314	0.069
3552724095.544	-0.000	0.011	0.014	2.352	0.032
3552724096.544	0.002	0.011	-0.015	2.281	-0.034
3552724097.544	0.001	0.010	-0.021	2.137	-0.045
3552724098.544	-0.001	0.010	-0.029	2.022	-0.058
3552724099.544	-0.001	0.012	-0.004	2.052	-0.007
3552724100.544	-0.001	0.012	0.023	2.177	0.051
3552724101.545	-0.001	0.013	0.032	2.289	0.073
3552724102.544	0.001	0.013	0.018	2.367	0.042
3552724103.543	0.001	0.010	-0.015	2.282	-0.035
3552724104.544	-0.001	0.010	-0.024	2.141	-0.050
3552724105.544	0.000	0.009	-0.027	2.039	-0.054
3552724106.544	-0.001	0.012	0.004	2.119	0.008
3552724107.544	-0.001	0.012	0.023	2.231	0.052
3552724108.544	-0.001	0.013	0.030	2.313	0.069
3552724109.544	0.001	0.011	0.002	2.353	0.005
3552724110.544	0.001	0.011	-0.017	2.229	-0.037
3552724111.544	-0.000	0.011	-0.027	2.074	-0.055
3552724112.544	-0.002	0.011	-0.019	2.029	-0.038
3552724113.544	-0.001	0.011	0.021	2.148	0.044
3552724114.544	-0.001	0.012	0.030	2.282	0.068
3552724115.544	0.000	0.012	0.020	2.329	0.047
3552724116.543	0.002	0.011	-0.014	2.282	-0.033
3552724117.543	0.000	0.012	-0.029	2.123	-0.062
3552724118.543	-0.001	0.010	-0.016	2.051	-0.034
3552724119.543	-0.000	0.011	0.003	2.144	0.005
3552724120.544	-0.001	0.013	0.031	2.293	0.071
3552724121.544	-0.002	0.013	0.019	2.361	0.044
3552724122.544	0.001	0.011	-0.010	2.262	-0.024
3552724123.553	0.001	0.011	-0.030	2.144	-0.064
3552724124.545	0.000	0.011	-0.022	2.032	-0.045
3552724125.545	-0.000	0.011	0.007	2.059	0.014
3552724126.545	-0.002	0.012	0.019	2.216	0.042
3552724127.544	-0.002	0.012	0.038	2.323	0.087
3552724128.544	0.000	0.012	0.015	2.340	0.035
3552724129.544	0.000	0.013	-0.009	2.265	-0.021
3552724130.544	0.002	0.010	-0.030	2.159	-0.065
3552724131.543	0.000	0.010	-0.019	2.040	-0.039
3552724132.543	-0.000	0.010	-0.001	2.104	-0.002
3552724133.543	-0.001	0.011	0.023	2.252	0.052
3552724134.543	-0.002	0.014	0.026	2.356	0.062
3552724135.544	-0.000	0.012	-0.000	2.302	-0.000
3552724136.543	0.001	0.011	-0.023	2.213	-0.052
3552724137.543	0.001	0.011	-0.029	2.058	-0.060
3552724138.543	0.001	0.010	-0.009	2.032	-0.018
3552724139.544	-0.001	0.010	0.010	2.111	0.021
3552724140.544	-0.001	0.011	0.034	2.272	0.077
3552724141.544	-0.001	0.013	0.027	2.345	0.063
3552724142.545	-0.001	0.013	0.009	2.328	0.020
3552724143.545	0.001	0.012	-0.023	2.260	-0.052
3552724144.544	0.000	0.010	-0.027	2.113	-0.058
3552724145.545	0.001	0.009	-0.024	2.050	-0.050
3552724146.543	-0.000	0.010	-0.000	2.088	-0.001
3552724147.543	-0.001	0.011	0.024	2.237	0.054
3552724148.544	-0.002	0.013	0.027	2.322	0.063
3552724149.544	0.000	0.012	0.012	2.333	0.029
3552724150.544	0.001	0.011	-0.018	2.268	-0.042
3552724151.544	0.001	0.012	-0.024	2.104	-0.051
3552724152.544	0.000	0.010	-0.020	2.025	-0.041
3552724153.544	-0.001	0.009	-0.004	2.070	-0.009
3552724154.543	-0.001	0.012	0.024	2.166	0.052
3552724155.543	-0.001	0.012	0.035	2.298	0.080
3552724156.544	-0.001	0.013	0.015	2.362	0.036
3552724157.544	0.001	0.011	-0.004	2.338	-0.009
3552724158.544	0.001	0.010	-0.021	2.207	-0.046
3552724159.545	-0.000	0.010	-0.039	2.079	-0.081
3552724160.545	-0.000	0.010	-0.017	2.066	-0.035
3552724161.543	-0.001	0.012	0.011	2.115	0.024
3552724162.543	-0.001	0.012	0.023	2.222	0.052
3552724163.553	0.000	0.012	0.031	2.336	0.072
3552724164.543	0.001	0.012	0.008	2.344	0.019
3552724165.544	0.001	0.011	-0.008	2.215	-0.018
3552724166.544	-0.001	0.010	-0.030	2.127	-0.064
3552724167.544	-0.002	0.012	-0.023	2.067	-0.047
3552724168.544	-0.001	0.012	-0.000	2.051	-0.001
3552724169.544	-0.000	0.012	0.007	2.131	0.014
3552724170.543	-0.000	0.013	0.032	2.265	0.073
3552724171.544	0.001	0.011	0.026	2.335	0.061
3552724172.544	-0.000	0.010	0.018	2.348	0.042
3552724173.543	0.000	0.009	-0.013	2.319	-0.030
3552724174.544	-0.001	0.011	-0.024	2.183	-0.052
3552724175.543	-0.002	0.013	-0.030	2.055	-0.062
3552724176.544	-0.000	0.013	-0.019	2.022	-0.039
3552724177.544	0.000	0.011	0.012	2.113	0.026
3552724178.544	0.002	0.011	0.030	2.188	0.066
3552724179.544	-0.000	0.010	0.030	2.342	0.070
3552724180.544	-0.001	0.010	0.016	2.354	0.038
3552724181.543	-0.001	0.012	-0.012	2.284	-0.028
3552724182.543	-0.002	0.013	-0.024	2.128	-0.052
3552724183.544	0.000	0.013	-0.031	2.068	-0.064
3552724184.543	0.001	0.012	0.005	2.098	0.011
3552724185.543	0.001	0.010	0.018	2.194	0.040
3552724186.544	-0.001	0.010	0.028	2.344	0.067
3552724187.544	-0.001	0.010	0.007	2.349	0.017
3552724188.542	-0.001	0.012	-0.013	2.252	-0.029
3552724189.543	-0.001	0.013	-0.029	2.102	-0.062
3552724190.542	-0.000	0.012	-0.025	2.055	-0.051
3552724191.544	0.001	0.011	0.008	2.067	0.017
3552724192.544	0.001	0.010	0.027	2.194	0.059
3552724193.544	-0.001	0.010	0.031	2.337	0.073
3552724194.544	-0.001	0.010	0.009	2.352	0.020
3552724195.544	-0.002	0.012	-0.018	2.178	-0.039
3552724196.543	-0.001	0.012	-0.034	2.095	-0.072
3552724197.544	0.000	0.013	-0.006	2.076	-0.012
3552724198.544	0.002	0.011	0.017	2.190	0.036
3552724199.544	0.000	0.010	0.028	2.305	0.065
3552724200.544	-0.000	0.010	0.005	2.363	0.011
3552724201.544	-0.001	0.010	-0.010	2.234	-0.022
3552724202.544	-0.002	0.012	-0.034	2.082	-0.070
3552724203.550	-0.000	0.012	-0.021	2.037	-0.042
3552724204.542	-0.000	0.012	0.006	2.091	0.012
3552724205.542	0.002	0.011	0.031	2.200	0.068
3552724206.543	0.000	0.010	0.028	2.358	0.065
3552724207.543	-0.001	0.010	0.005	2.341	0.012
3552724208.543	-0.002	0.012	-0.018	2.191	-0.039
3552724209.544	-0.001	0.012	-0.032	2.067	-0.066
3552724210.543	-0.000	0.013	-0.000	2.101	-0.001
3552724211.543	0.001	0.011	0.022	2.225	0.049
3552724212.544	0.000	0.009	0.024	2.320	0.057
3552724213.544	0.001	0.010	0.002	2.349	0.004
3552724214.544	-0.001	0.011	-0.022	2.203	-0.049
3552724215.543	-0.002	0.013	-0.026	2.052	-0.054
3552724216.544	-0.001	0.013	-0.022	2.036	-0.045
3552724217.544	-0.000	0.012	0.016	2.097	0.033
3552724218.542	0.001	0.011	0.032	2.237	0.071
3552724219.542	0.001	0.011	0.025	2.342	0.059
3552724220.542	-0.000	0.009	0.008	2.358	0.020
3552724221.542	-0.001	0.010	-0.023	2.217	-0.052
3552724222.542	-0.002	0.012	-0.028	2.077	-0.059
3552724223.543	0.000	0.013	-0.019	2.082	-0.040
3552724224.542	0.000	0.012	0.015	2.140	0.032
3552724225.543	-0.000	0.011	0.028	2.276	0.064
3552724226.544	0.001	0.010	0.012	2.356	0.029
3552724227.542	0.000	0.009	-0.004	2.287	-0.009
3552724228.543	-0.002	0.010	-0.033	2.127	-0.071
3552724229.544	-0.002	0.013	-0.021	2.031	-0.042
3552724230.542	-0.001	0.012	0.007	2.107	0.016
3552724231.542	-0.000	0.013	0.033	2.249	0.073
3552724232.544	0.001	0.011	0.029	2.344	0.067
3552724233.542	-0.000	0.011	-0.018	2.293	-0.041
3552724234.542	-0.003	0.014	0.369	2.109	0.779
3552724235.542	-0.001	0.010	13.358	2.053	27.422
3552724236.541	-0.001	0.011	3.640	2.097	7.634
3552724237.542	-0.001	0.012	12.624	2.296	28.992
3552724238.542	-0.000	0.010	15.843	2.354	37.294
3552724239.542	0.001	0.011	15.844	2.297	36.397
3552724240.542	-0.001	0.010	15.823	2.099	33.206
3552724241.543	-0.001	0.009	15.862	2.047	32.475
3552724242.542	-0.002	0.010	15.892	2.118	33.662
3552724243.566	-0.001	0.010	15.911	2.341	37.250
3552724244.544	-0.000	0.013	15.882	2.345	37.246
3552724245.544	0.000	0.012	15.841	2.234	35.389
3552724246.544	-0.000	0.012	15.835	2.104	33.313
3552724247.542	0.000	0.010	15.873	2.084	33.071
3552724248.543	-0.001	0.010	15.907	2.191	34.855
3552724249.542	-0.001	0.011	15.904	2.345	37.297
3552724250.542	-0.001	0.011	15.876	2.398	38.066
3552724251.543	-0.001	0.010	15.837	2.239	35.462
3552724252.542	-0.000	0.011	15.827	2.098	33.210
3552724253.543	0.001	0.010	15.853	2.067	32.761
3552724254.542	-0.001	0.010	15.904	2.148	34.156
3552724255.542	-0.002	0.011	15.905	2.256	35.890
3552724256.542	-0.001	0.010	15.893	2.378	37.794
3552724257.542	-0.001	0.011	15.857	2.287	36.259
3552724258.542	-0.001	0.011	15.835	2.162	34.242
3552724259.543	-0.000	0.011	15.839	2.052	32.505
3552724260.541	-0.000	0.010	15.874	2.104	33.406
3552724261.542	-0.000	0.009	15.911	2.177	34.639
3552724262.542	-0.002	0.011	15.903	2.335	37.131
3552724263.542	-0.002	0.012	15.883	2.400	38.116
3552724264.542	-0.001	0.013	15.849	2.297	36.408
3552724265.542	-0.001	0.012	15.827	2.168	34.310
3552724266.542	0.001	0.012	15.835	2.084	33.001
3552724267.542	0.001	0.011	15.875	2.079	33.003
3552724268.542	-0.001	0.010	15.902	2.171	34.521
3552724269.542	-0.002	0.012	15.908	2.307	36.702
3552724270.542	-0.002	0.012	15.889	2.359	37.476
3552724271.542	-0.000	0.013	15.861	2.276	36.105
3552724272.542	-0.000	0.012	15.829	2.155	34.104
3552724273.542	0.000	0.011	15.842	2.085	33.037
3552724274.543	0.000	0.011	15.868	2.055	32.614
3552724275.542	-0.001	0.010	15.897	2.147	34.124
3552724276.541	-0.002	0.011	15.910	2.301	36.614
3552724277.541	-0.001	0.014	15.900	2.382	37.877
3552724278.541	-0.000	0.012	15.870	2.356	37.385
3552724279.542	0.000	0.012	15.835	2.267	35.901
3552724280.542	0.001	0.012	15.828	2.164	34.256
3552724290.853	-0.002	0.011	15.883	2.366	37.572
3552724292.081	-0.002	0.010	15.883	2.368	37.605
3552724293.078	-0.003	0.011	15.884	2.365	37.560
3552724294.076	-0.002	0.010	15.883	2.368	37.604
3552724295.077	-0.003	0.011	15.883	2.368	37.607
3552724296.079	-0.002	0.010	15.884	2.364	37.547
3552724297.078	-0.002	0.010	15.883	2.367	37.592
3552724298.077	-0.002	0.011	15.884	2.368	37.606
3552724299.078	-0.002	0.010	15.884	2.364	37.553
3552724300.079	-0.003	0.011	15.883	2.368	37.605
3552724301.078	-0.002	0.010	15.884	2.367	37.598
3552724302.077	-0.003	0.011	15.884	2.365	37.561
3552724303.077	-0.002	0.010	15.883	2.368	37.608
3552724304.077	-0.002	0.010	15.884	2.365	37.568
3552724305.077	-0.003	0.011	15.884	2.364	37.543
3552724306.077	-0.002	0.010	15.883	2.367	37.594
3552724307.078	-0.003	0.011	15.884	2.366	37.575
3552724308.078	-0.002	0.010	15.883	2.363	37.537
3552724309.076	-0.002	0.010	15.883	2.367	37.594
3552724310.076	-0.002	0.010	15.884	2.363	37.538
3552724311.076	-0.002	0.010	15.883	2.363	37.539
3552724312.078	-0.002	0.010	15.883	2.366	37.581
3552724313.077	-0.002	0.010	15.884	2.363	37.533
3552724314.077	-0.003	0.011	15.883	2.363	37.538
3552724315.077	-0.002	0.010	15.883	2.366	37.586
3552724316.078	-0.002	0.010	15.884	2.363	37.537
3552724317.077	-0.002	0.010	15.884	2.363	37.531
3552724318.077	-0.003	0.010	15.883	2.367	37.594
3552724319.077	-0.002	0.010	15.884	2.365	37.568
3552724320.078	-0.002	0.010	15.883	2.363	37.537
3552724321.077	-0.003	0.011	15.883	2.368	37.616
3552724322.078	-0.002	0.010	15.884	2.365	37.568
3552724323.078	-0.003	0.010	15.884	2.366	37.574
3552724324.078	-0.002	0.010	15.883	2.369	37.630
3552724325.077	-0.002	0.010	15.884	2.367	37.606
3552724326.077	-0.002	0.010	15.884	2.366	37.581
3552724345.893	-0.001	0.010	15.831	2.170	34.350
3552724347.156	-0.002	0.012	15.837	2.043	32.349
3552724348.155	-0.001	0.010	15.858	2.048	32.470
3552724349.155	-0.000	0.012	15.882	2.103	33.400
3552724350.155	0.001	0.010	15.912	2.194	34.905
3552724351.156	-0.001	0.010	15.913	2.277	36.236
3552724352.155	-0.001	0.009	15.901	2.354	37.431
3552724353.179	-0.001	0.008	15.876	2.367	37.572
3552724354.156	-0.001	0.010	15.847	2.243	35.549
3552724355.156	-0.001	0.011	15.832	2.154	34.107
3552724356.156	-0.001	0.011	15.840	2.065	32.714
3552724357.156	0.000	0.010	15.884	2.106	33.452
3552724358.156	0.001	0.009	15.904	2.209	35.135
3552724359.156	-0.001	0.009	15.901	2.361	37.535
3552724360.155	-0.001	0.009	15.871	2.372	37.645
3552724361.156	-0.002	0.010	15.838	2.206	34.943
3552724362.156	-0.002	0.010	15.831	2.110	33.397
3552724363.154	0.000	0.012	15.860	2.058	32.639
3552724364.154	0.001	0.011	15.904	2.151	34.213
3552724365.154	-0.001	0.010	15.908	2.287	36.382
3552724366.156	-0.000	0.009	15.890	2.361	37.512
3552724367.156	-0.000	0.008	15.858	2.309	36.619
3552724368.156	-0.002	0.011	15.834	2.131	33.743
3552724369.156	-0.001	0.011	15.843	2.074	32.859
3552724370.156	-0.001	0.011	15.879	2.093	33.242
3552724371.155	0.000	0.011	15.911	2.213	35.203
3552724372.156	0.000	0.010	15.903	2.337	37.165
3552724373.156	-0.001	0.009	15.890	2.398	38.110
3552724374.156	-0.000	0.009	15.854	2.324	36.851
3552724375.156	-0.002	0.010	15.833	2.198	34.795
3552724376.156	-0.002	0.010	15.832	2.103	33.291
3552724377.155	0.000	0.011	15.860	2.061	32.683
3552724378.156	-0.000	0.011	15.898	2.138	33.996
3552724379.154	0.000	0.011	15.904	2.238	35.595
3552724380.155	-0.000	0.009	15.909	2.360	37.552
3552724381.155	-0.000	0.009	15.882	2.345	37.237
3552724382.154	-0.001	0.010	15.848	2.262	35.847
3552724383.155	-0.001	0.009	15.836	2.181	34.544
3552724384.156	-0.002	0.011	15.839	2.065	32.707
3552724385.204	0.001	0.011	15.871	2.053	32.585
3552724386.156	-0.000	0.010	15.894	2.155	34.250
3552724387.155	-0.000	0.009	15.912	2.275	36.207
3552724388.155	-0.000	0.010	15.912	2.360	37.559
3552724389.155	-0.001	0.009	15.876	2.370	37.619
3552724390.154	-0.002	0.010	15.850	2.332	36.964
3552724391.156	-0.001	0.011	15.834	2.198	34.800
3552724392.154	-0.001	0.011	15.831	2.059	32.602
3552724393.154	0.000	0.011	15.860	2.089	33.135
3552724394.154	0.001	0.010	15.894	2.136	33.944
3552724395.155	-0.001	0.010	15.912	2.229	35.472
3552724396.154	-0.002	0.010	15.906	2.343	37.270
3552724397.154	-0.001	0.009	15.884	2.349	37.306
3552724398.154	0.000	0.009	15.860	2.309	36.628
3552724399.155	-0.001	0.011	15.831	2.163	34.243
3552724400.155	-0.001	0.010	15.834	2.078	32.902
3552724401.156	0.000	0.009	15.862	2.072	32.858
3552724402.156	0.000	0.009	15.885	2.067	32.826
3552724403.156	-0.001	0.009	15.909	2.217	35.267
3552724404.154	-0.002	0.010	15.911	2.329	37.054
3552724405.156	-0.001	0.010	15.894	2.377	37.784
3552724406.156	-0.001	0.010	15.857	2.340	37.108
3552724407.185	0.000	0.009	15.827	2.220	35.141
3552724408.154	-0.000	0.010	15.833	2.130	33.727
3552724409.154	0.000	0.009	15.850	2.025	32.104
3552724410.155	-0.000	0.008	15.879	2.096	33.276
3552724411.154	-0.001	0.010	15.912	2.234	35.548
3552724412.154	-0.001	0.010	15.909	2.303	36.638
3552724413.154	-0.000	0.010	15.882	2.362	37.519
3552724414.154	-0.000	0.010	15.849	2.294	36.364
3552724415.155	-0.000	0.011	15.836	2.145	33.961
3552724416.154	-0.000	0.010	15.845	2.066	32.738
3552724417.186	-0.001	0.009	15.864	2.055	32.597
3552724418.154	-0.001	0.009	15.899	2.132	33.901
3552724419.156	-0.001	0.010	15.917	2.249	35.793
3552724420.154	-0.002	0.011	15.904	2.332	37.087
3552724421.154	-0.001	0.010	15.889	2.387	37.922
3552724422.154	0.000	0.010	15.866	2.362	37.471
